{
 "cells": [
  {
   "cell_type": "markdown",
   "id": "4167fe07",
   "metadata": {},
   "source": [
    "# Demo: Mapping SIMP 0136 with NIRSpec\n",
    "\n",
    "In this tutorial, we demonstrate how to use `spectralmap` to analyze time-series observations of SIMP 0136 and recover a spectroscopic map of its surface.\n",
    "\n",
    "**We will cover:**\n",
    "1. Loading and preprocessing the lightcurve data.\n",
    "2. Inverting the lightcurves to obtain surface maps.\n",
    "3. Extracting spatially-resolved spectra.\n",
    "4. Clustering map pixels to identify distinct spectral regions.\n",
    "5. Summarizing regional spectral results."
   ]
  },
  {
   "cell_type": "code",
   "execution_count": 1,
   "id": "fbd257a2",
   "metadata": {},
   "outputs": [
    {
     "name": "stderr",
     "output_type": "stream",
     "text": [
      "WARNING (theano.tensor.blas): Using NumPy C-API based implementation for BLAS functions.\n"
     ]
    },
    {
     "name": "stdout",
     "output_type": "stream",
     "text": [
      "spectralmap version: 0.1.0\n"
     ]
    }
   ],
   "source": [
    "import matplotlib.pyplot as plt\n",
    "from spectralmap.plotting import COLOR_LIST, PAPER_FIGURES_DIR\n",
    "\n",
    "import spectralmap\n",
    "print(f\"spectralmap version: {spectralmap.__version__}\")\n"
   ]
  },
  {
   "cell_type": "markdown",
   "id": "1e4d0672",
   "metadata": {},
   "source": [
    "## 1. Load Data\n",
    "Before applying `spectralmap`, we read in the time-series spectra, sort by phase, and normalize the flux."
   ]
  },
  {
   "cell_type": "code",
   "execution_count": 2,
   "id": "569cb602",
   "metadata": {},
   "outputs": [
    {
     "name": "stdout",
     "output_type": "stream",
     "text": [
      "Loaded data with shape: (359, 24) (wavelengths, time points)\n",
      "Wavelength range: 0.92, 5.27 microns\n",
      "Phase range: 0.00, 345.00 radians\n"
     ]
    }
   ],
   "source": [
    "import numpy as np\n",
    "\n",
    "# 1. Load the data files\n",
    "theta = np.load(\"data/SIMP0136_NIRSpec.npz\")[\"theta\"]\n",
    "wl = np.load(\"data/SIMP0136_NIRSpec.npz\")[\"wl\"]\n",
    "flux_raw = np.load(\"data/SIMP0136_NIRSpec.npz\")[\"flux_raw\"]\n",
    "flux_err_raw = np.load(\"data/SIMP0136_NIRSpec.npz\")[\"flux_err_raw\"]\n",
    "\n",
    "\n",
    "print(f\"Loaded data with shape: {flux_raw.shape} (wavelengths, time points)\")\n",
    "print(f\"Wavelength range: {wl.min():.2f}, {wl.max():.2f} microns\")\n",
    "print(f\"Phase range: {theta.min():.2f}, {theta.max():.2f} radians\")"
   ]
  },
  {
   "cell_type": "markdown",
   "id": "f6c5edfe",
   "metadata": {},
   "source": [
    "## 2. Inversion with SpectralMap\n",
    "We organize the observations into a `LightCurveData` object and initialize the rotational mapping setup."
   ]
  },
  {
   "cell_type": "code",
   "execution_count": 10,
   "id": "13dcf436",
   "metadata": {},
   "outputs": [],
   "source": [
    "from spectralmap.core import LightCurveData\n",
    "data = LightCurveData(theta=theta, flux=flux_raw[:, :], flux_err=flux_err_raw[:, :], wl=wl, normalize=True)"
   ]
  },
  {
   "cell_type": "code",
   "execution_count": 11,
   "id": "a9dac447",
   "metadata": {},
   "outputs": [
    {
     "data": {
      "text/plain": [
       "(array([ 1.00000000e+00,  7.92170991e-08,  4.67437678e-03, -1.43405168e-03,\n",
       "        -2.08810004e-04,  6.80628634e-04,  5.02554602e-03,  3.98267969e-03,\n",
       "        -2.90138437e-03, -2.39540566e-19,  1.14460283e-20,  1.23049692e-19,\n",
       "        -9.45442809e-18,  6.54063004e-18,  7.48533012e-18, -1.72935365e-18,\n",
       "         1.13101460e-02, -4.26812221e-02, -2.97557222e-02,  3.73829845e-02,\n",
       "         2.43632314e-04,  3.27032240e-03, -8.78712297e-04, -1.72089179e-03,\n",
       "         5.40682172e-04]),\n",
       " array([[ 0.00000000e+00,  0.00000000e+00,  0.00000000e+00,\n",
       "          0.00000000e+00,  0.00000000e+00,  0.00000000e+00,\n",
       "          0.00000000e+00,  0.00000000e+00,  0.00000000e+00,\n",
       "          0.00000000e+00,  0.00000000e+00,  0.00000000e+00,\n",
       "          0.00000000e+00,  0.00000000e+00,  0.00000000e+00,\n",
       "          0.00000000e+00,  0.00000000e+00,  0.00000000e+00,\n",
       "          0.00000000e+00,  0.00000000e+00,  0.00000000e+00,\n",
       "          0.00000000e+00,  0.00000000e+00,  0.00000000e+00,\n",
       "          0.00000000e+00],\n",
       "        [ 0.00000000e+00,  3.16993717e-04,  3.30108189e-11,\n",
       "         -4.58263361e-11, -6.67270058e-12,  4.80665340e-12,\n",
       "         -1.22704579e-04,  4.86749608e-11, -2.12530557e-04,\n",
       "         -3.14243412e-20,  4.51379320e-21, -6.40190400e-22,\n",
       "         -5.08524581e-20, -1.72606868e-20, -1.75155846e-21,\n",
       "          2.40385002e-21,  2.30209340e-10, -9.43837149e-11,\n",
       "         -6.03704518e-10,  8.14143697e-11,  1.20319366e-05,\n",
       "          1.92633294e-10,  1.79362290e-05, -7.87339219e-11,\n",
       "          2.37273565e-05],\n",
       "        [ 0.00000000e+00,  3.30108189e-11,  1.15220565e-05,\n",
       "          9.05700460e-12,  1.31877616e-12, -7.26631114e-05,\n",
       "          4.76990567e-11, -2.10446920e-11,  2.07893321e-11,\n",
       "          9.74276439e-21, -1.44048442e-21,  2.37490618e-22,\n",
       "         -2.01744125e-20,  1.28321511e-20, -8.13609767e-21,\n",
       "          1.51947060e-22,  1.47915515e-11,  1.36805820e-05,\n",
       "         -4.01965044e-11,  1.55122924e-05,  1.43979886e-10,\n",
       "         -1.56891762e-10, -1.37194061e-10,  6.18613590e-11,\n",
       "          2.32983121e-11],\n",
       "        [ 0.00000000e+00, -4.58263361e-11,  9.05700460e-12,\n",
       "          1.15220580e-05, -7.26631112e-05,  1.31877621e-12,\n",
       "          4.09086608e-11,  4.24395247e-11, -9.07091550e-11,\n",
       "         -3.38908853e-23, -1.85369108e-21,  3.89126247e-23,\n",
       "         -1.62309895e-20, -7.55652032e-21,  8.16521183e-21,\n",
       "         -1.69779707e-20,  1.93472248e-05, -2.94584300e-10,\n",
       "          7.31262116e-06,  2.59298424e-10,  1.08125163e-10,\n",
       "         -1.31546714e-10, -9.91144976e-11,  4.45536665e-11,\n",
       "          3.03662295e-11],\n",
       "        [ 0.00000000e+00, -6.67270058e-12,  1.31877616e-12,\n",
       "         -7.26631112e-05,  4.99972656e-04,  1.92024775e-13,\n",
       "          5.95664575e-12,  6.17955226e-12, -1.32080170e-11,\n",
       "         -1.62336290e-20, -1.59502568e-21, -2.14334147e-21,\n",
       "          1.09237432e-19,  1.93233307e-21, -2.40096319e-20,\n",
       "         -7.16126407e-21,  2.81711891e-06, -4.28939555e-11,\n",
       "          1.06477924e-06,  3.77560349e-11,  1.57439346e-11,\n",
       "         -1.91543093e-11, -1.44319059e-11,  6.48738893e-12,\n",
       "          4.42157879e-12],\n",
       "        [ 0.00000000e+00,  4.80665340e-12, -7.26631114e-05,\n",
       "          1.31877621e-12,  1.92024775e-13,  4.99972656e-04,\n",
       "          6.94538453e-12, -3.06428445e-12,  3.02710191e-12,\n",
       "         -5.67597796e-20,  1.55180093e-20,  5.88314659e-21,\n",
       "          7.35177957e-20, -1.14660860e-19, -1.62201101e-20,\n",
       "         -1.00244464e-20,  2.15377456e-12,  1.99200797e-06,\n",
       "         -5.85294965e-12,  2.25872045e-06,  2.09646844e-11,\n",
       "         -2.28447619e-11, -1.99766110e-11,  9.00753488e-12,\n",
       "          3.39243059e-12],\n",
       "        [ 0.00000000e+00, -1.22704579e-04,  4.76990567e-11,\n",
       "          4.09086608e-11,  5.95664575e-12,  6.94538453e-12,\n",
       "          5.51228523e-05, -6.75381169e-12,  8.33011564e-05,\n",
       "          3.72537863e-21, -3.54116712e-21, -1.89467076e-20,\n",
       "          2.59195465e-20,  1.28414228e-20, -4.03061905e-21,\n",
       "          4.46092733e-22, -2.18096305e-10,  1.47075858e-11,\n",
       "          5.72232931e-10, -1.56068151e-11,  3.53856924e-05,\n",
       "         -3.57904380e-10,  3.61980667e-05,  1.36097307e-10,\n",
       "         -1.78022113e-05],\n",
       "        [ 0.00000000e+00,  4.86749608e-11, -2.10446920e-11,\n",
       "          4.24395247e-11,  6.17955226e-12, -3.06428445e-12,\n",
       "         -6.75381169e-12,  7.02889187e-06,  7.51602782e-11,\n",
       "         -5.89010017e-21, -8.28370925e-21, -1.63084159e-22,\n",
       "          3.63275295e-21,  1.28956173e-20,  1.55020553e-20,\n",
       "         -3.53679946e-21,  5.80548900e-10,  9.50959356e-10,\n",
       "         -1.54096313e-09, -8.37504350e-10, -1.41586706e-11,\n",
       "          2.02716739e-05,  1.03924781e-11,  5.36338534e-05,\n",
       "         -1.15869272e-11],\n",
       "        [ 0.00000000e+00, -2.12530557e-04,  2.07893321e-11,\n",
       "         -9.07091550e-11, -1.32080170e-11,  3.02710191e-12,\n",
       "          8.33011564e-05,  7.51602782e-11,  1.51310754e-04,\n",
       "         -3.14896200e-21,  1.30746106e-21, -1.47841942e-20,\n",
       "          4.03866426e-20,  1.38164564e-20,  5.50247710e-21,\n",
       "          5.89259619e-21,  4.62948315e-10, -1.46670778e-10,\n",
       "         -1.21421243e-09,  1.28202608e-10, -2.81498098e-06,\n",
       "          4.88654581e-10,  5.35997818e-06, -1.93843606e-10,\n",
       "          4.50153614e-05],\n",
       "        [ 0.00000000e+00, -3.14243412e-20,  9.74276439e-21,\n",
       "         -3.38908853e-23, -1.62336290e-20, -5.67597796e-20,\n",
       "          3.72537863e-21, -5.89010017e-21, -3.14896200e-21,\n",
       "          5.10553017e-04, -7.44919358e-20, -5.08189960e-21,\n",
       "          9.58470029e-21,  8.60472656e-21,  2.54740628e-20,\n",
       "         -3.50646239e-20,  9.75315727e-21,  1.04390224e-20,\n",
       "         -2.05829541e-23,  1.48053476e-20, -2.26359262e-20,\n",
       "          1.68563414e-21, -1.06384039e-20, -4.95606544e-20,\n",
       "          1.69595824e-20],\n",
       "        [ 0.00000000e+00,  4.51379320e-21, -1.44048442e-21,\n",
       "         -1.85369108e-21, -1.59502568e-21,  1.55180093e-20,\n",
       "         -3.54116712e-21, -8.28370925e-21,  1.30746106e-21,\n",
       "         -7.44919358e-20,  5.10553017e-04,  1.18925224e-19,\n",
       "          3.93328019e-20,  2.84340656e-21, -6.17657497e-20,\n",
       "         -1.85508520e-20,  1.53793484e-20,  3.89264948e-20,\n",
       "         -2.02723629e-20,  2.25830128e-20, -1.64214434e-20,\n",
       "          1.94302412e-20, -4.29790988e-21,  3.38765890e-20,\n",
       "          3.15809749e-20],\n",
       "        [ 0.00000000e+00, -6.40190400e-22,  2.37490618e-22,\n",
       "          3.89126247e-23, -2.14334147e-21,  5.88314659e-21,\n",
       "         -1.89467076e-20, -1.63084159e-22, -1.47841942e-20,\n",
       "         -5.08189960e-21,  1.18925224e-19,  5.10553017e-04,\n",
       "          9.22962980e-20,  1.53727264e-19, -1.39781091e-19,\n",
       "          4.36487381e-21, -2.10486227e-20,  9.40833916e-22,\n",
       "          3.70472261e-20,  3.43682290e-20, -1.06407525e-20,\n",
       "          4.52774623e-21, -1.42479839e-20, -3.24262374e-21,\n",
       "         -3.27355709e-20],\n",
       "        [ 0.00000000e+00, -5.08524581e-20, -2.01744125e-20,\n",
       "         -1.62309895e-20,  1.09237432e-19,  7.35177957e-20,\n",
       "          2.59195465e-20,  3.63275295e-21,  4.03866426e-20,\n",
       "          9.58470029e-21,  3.93328019e-20,  9.22962980e-20,\n",
       "          5.10553017e-04,  1.14393657e-20, -2.69624531e-20,\n",
       "          8.66975971e-21, -6.18219565e-21, -7.08214724e-20,\n",
       "         -5.82456573e-21,  3.32849626e-20,  3.36578989e-20,\n",
       "          1.08916520e-20,  4.32343549e-20,  2.99862613e-20,\n",
       "          3.12068430e-20],\n",
       "        [ 0.00000000e+00, -1.72606868e-20,  1.28321511e-20,\n",
       "         -7.55652032e-21,  1.93233307e-21, -1.14660860e-19,\n",
       "          1.28414228e-20,  1.28956173e-20,  1.38164564e-20,\n",
       "          8.60472656e-21,  2.84340656e-21,  1.53727264e-19,\n",
       "          1.14393657e-20,  5.10553017e-04, -9.88529393e-20,\n",
       "         -3.90996406e-20, -1.18140665e-19, -6.11780899e-20,\n",
       "          5.46523488e-20, -7.03330478e-20,  3.44229083e-20,\n",
       "          3.98927559e-20,  3.88551171e-20,  1.05985087e-19,\n",
       "          2.52863826e-21],\n",
       "        [ 0.00000000e+00, -1.75155846e-21, -8.13609767e-21,\n",
       "          8.16521183e-21, -2.40096319e-20, -1.62201101e-20,\n",
       "         -4.03061905e-21,  1.55020553e-20,  5.50247710e-21,\n",
       "          2.54740628e-20, -6.17657497e-20, -1.39781091e-19,\n",
       "         -2.69624531e-20, -9.88529393e-20,  5.10553017e-04,\n",
       "         -2.38399431e-20,  1.06565121e-19,  5.48382649e-20,\n",
       "          3.66917994e-20, -3.04577305e-20, -2.65679165e-20,\n",
       "          4.77318083e-20, -2.16899851e-20,  1.27496712e-19,\n",
       "          4.40221844e-20],\n",
       "        [ 0.00000000e+00,  2.40385002e-21,  1.51947060e-22,\n",
       "         -1.69779707e-20, -7.16126407e-21, -1.00244464e-20,\n",
       "          4.46092733e-22, -3.53679946e-21,  5.89259619e-21,\n",
       "         -3.50646239e-20, -1.85508520e-20,  4.36487381e-21,\n",
       "          8.66975971e-21, -3.90996406e-20, -2.38399431e-20,\n",
       "          5.10553017e-04, -9.13334897e-20, -1.95076049e-20,\n",
       "         -6.42070045e-20, -2.48644563e-20,  8.30147635e-21,\n",
       "         -1.13937986e-20,  1.95015678e-20, -2.88968231e-20,\n",
       "          5.57471538e-20],\n",
       "        [ 0.00000000e+00,  2.30209340e-10,  1.47915515e-11,\n",
       "          1.93472248e-05,  2.81711891e-06,  2.15377456e-12,\n",
       "         -2.18096305e-10,  5.80548900e-10,  4.62948315e-10,\n",
       "          9.75315727e-21,  1.53793484e-20, -2.10486227e-20,\n",
       "         -6.18219565e-21, -1.18140665e-19,  1.06565121e-19,\n",
       "         -9.13334897e-20,  4.52637126e-04,  1.48859699e-09,\n",
       "          1.50963001e-04, -1.31363656e-09, -1.24645428e-09,\n",
       "         -7.49898486e-10,  1.12859675e-09,  2.12762654e-10,\n",
       "         -2.72673720e-10],\n",
       "        [ 0.00000000e+00, -9.43837149e-11,  1.36805820e-05,\n",
       "         -2.94584300e-10, -4.28939555e-11,  1.99200797e-06,\n",
       "          1.47075858e-11,  9.50959356e-10, -1.46670778e-10,\n",
       "          1.04390224e-20,  3.89264948e-20,  9.40833916e-22,\n",
       "         -7.08214724e-20, -6.11780899e-20,  5.48382649e-20,\n",
       "         -1.95076049e-20,  1.48859699e-09,  2.52931055e-04,\n",
       "         -3.90392382e-09,  2.26445199e-04, -3.97968422e-09,\n",
       "          5.73738508e-09,  3.56373031e-09, -2.28429147e-09,\n",
       "         -6.54702136e-10],\n",
       "        [ 0.00000000e+00, -6.03704518e-10, -4.01965044e-11,\n",
       "          7.31262116e-06,  1.06477924e-06, -5.85294965e-12,\n",
       "          5.72232931e-10, -1.54096313e-09, -1.21421243e-09,\n",
       "         -2.05829541e-23, -2.02723629e-20,  3.70472261e-20,\n",
       "         -5.82456573e-21,  5.46523488e-20,  3.66917994e-20,\n",
       "         -6.42070045e-20,  1.50963001e-04, -3.90392382e-09,\n",
       "          1.10285214e-04,  3.44515852e-09,  3.28513271e-09,\n",
       "          1.99946590e-09, -2.97436732e-09, -5.68140022e-10,\n",
       "          7.17867069e-10],\n",
       "        [ 0.00000000e+00,  8.14143697e-11,  1.55122924e-05,\n",
       "          2.59298424e-10,  3.77560349e-11,  2.25872045e-06,\n",
       "         -1.56068151e-11, -8.37504350e-10,  1.28202608e-10,\n",
       "          1.48053476e-20,  2.25830128e-20,  3.43682290e-20,\n",
       "          3.32849626e-20, -7.03330478e-20, -3.04577305e-20,\n",
       "         -2.48644563e-20, -1.31363656e-09,  2.26445199e-04,\n",
       "          3.44515852e-09,  3.09989883e-04,  3.50179497e-09,\n",
       "         -5.05122788e-09, -3.13533310e-09,  2.01113714e-09,\n",
       "          5.76105501e-10],\n",
       "        [ 0.00000000e+00,  1.20319366e-05,  1.43979886e-10,\n",
       "          1.08125163e-10,  1.57439346e-11,  2.09646844e-11,\n",
       "          3.53856924e-05, -1.41586706e-11, -2.81498098e-06,\n",
       "         -2.26359262e-20, -1.64214434e-20, -1.06407525e-20,\n",
       "          3.36578989e-20,  3.44229083e-20, -2.65679165e-20,\n",
       "          8.30147635e-21, -1.24645428e-09, -3.97968422e-09,\n",
       "          3.28513271e-09,  3.50179497e-09,  2.36410154e-04,\n",
       "         -1.54341099e-09,  2.39767074e-04,  5.85078109e-10,\n",
       "         -4.49280791e-05],\n",
       "        [ 0.00000000e+00,  1.92633294e-10, -1.56891762e-10,\n",
       "         -1.31546714e-10, -1.91543093e-11, -2.28447619e-11,\n",
       "         -3.57904380e-10,  2.02716739e-05,  4.88654581e-10,\n",
       "          1.68563414e-21,  1.94302412e-20,  4.52774623e-21,\n",
       "          1.08916520e-20,  3.98927559e-20,  4.77318083e-20,\n",
       "         -1.13937986e-20, -7.49898486e-10,  5.73738508e-09,\n",
       "          1.99946590e-09, -5.05122788e-09, -1.54341099e-09,\n",
       "          7.55731980e-05,  1.41502495e-09,  1.61939173e-04,\n",
       "         -3.30185706e-10],\n",
       "        [ 0.00000000e+00,  1.79362290e-05, -1.37194061e-10,\n",
       "         -9.91144976e-11, -1.44319059e-11, -1.99766110e-11,\n",
       "          3.61980667e-05,  1.03924781e-11,  5.35997818e-06,\n",
       "         -1.06384039e-20, -4.29790988e-21, -1.42479839e-20,\n",
       "          4.32343549e-20,  3.88551171e-20, -2.16899851e-20,\n",
       "          1.95015678e-20,  1.12859675e-09,  3.56373031e-09,\n",
       "         -2.97436732e-09, -3.13533310e-09,  2.39767074e-04,\n",
       "          1.41502495e-09,  2.90175009e-04, -5.36094273e-10,\n",
       "          4.09855328e-05],\n",
       "        [ 0.00000000e+00, -7.87339219e-11,  6.18613590e-11,\n",
       "          4.45536665e-11,  6.48738893e-12,  9.00753488e-12,\n",
       "          1.36097307e-10,  5.36338534e-05, -1.93843606e-10,\n",
       "         -4.95606544e-20,  3.38765890e-20, -3.24262374e-21,\n",
       "          2.99862613e-20,  1.05985087e-19,  1.27496712e-19,\n",
       "         -2.88968231e-20,  2.12762654e-10, -2.28429147e-09,\n",
       "         -5.68140022e-10,  2.01113714e-09,  5.85078109e-10,\n",
       "          1.61939173e-04, -5.36094273e-10,  4.42816718e-04,\n",
       "          1.26208986e-10],\n",
       "        [ 0.00000000e+00,  2.37273565e-05,  2.32983121e-11,\n",
       "          3.03662295e-11,  4.42157879e-12,  3.39243059e-12,\n",
       "         -1.78022113e-05, -1.15869272e-11,  4.50153614e-05,\n",
       "          1.69595824e-20,  3.15809749e-20, -3.27355709e-20,\n",
       "          3.12068430e-20,  2.52863826e-21,  4.40221844e-20,\n",
       "          5.57471538e-20, -2.72673720e-10, -6.54702136e-10,\n",
       "          7.17867069e-10,  5.76105501e-10, -4.49280791e-05,\n",
       "         -3.30185706e-10,  4.09855328e-05,  1.26208986e-10,\n",
       "          4.97034968e-04]]),\n",
       " 100.94360130298321)"
      ]
     },
     "execution_count": 11,
     "metadata": {},
     "output_type": "execute_result"
    }
   ],
   "source": [
    "from spectralmap.rotational import make_map\n",
    "map_u = make_map(map_res=30, ydeg=4, inc=80, udeg=2, u=[0.3, 0])\n",
    "i_to_plot = np.argmin(abs(wl-1.5))  # Index of wavelength to plot\n",
    "map_u.solve_posterior(data.flux[i_to_plot], data.flux_err[i_to_plot], data.theta, verbose=True)\n",
    "map = make_map(map_res=30, ydeg=4, inc=80)\n",
    "i_to_plot = np.argmin(abs(wl-1.5))  # Index of wavelength to plot\n",
    "map.solve_posterior(data.flux[i_to_plot], data.flux_err[i_to_plot], data.theta, verbose=True)"
   ]
  },
  {
   "cell_type": "markdown",
   "id": "35f1b7ce",
   "metadata": {},
   "source": [
    "### Applying wavelength-dependent limb darkening coefficients\n",
    "We include wavelength-dependent limb-darkening coefficients so each spectral channel is modeled with consistent center-to-limb behavior."
   ]
  },
  {
   "cell_type": "code",
   "execution_count": 12,
   "id": "e890b757",
   "metadata": {},
   "outputs": [],
   "source": [
    "from spectralmap.utilities import load_quadratic_limb_darkening\n",
    "from spectralmap.rotational import make_maps\n",
    "\n",
    "# Load precomputed quadratic limb-darkening coefficients interpolated to data wavelengths\n",
    "u_wl = load_quadratic_limb_darkening(\"data/S0136_quadratic_limb_darkening_coeffs.csv\", wl)\n",
    "\n",
    "maps = make_maps(\n",
    "    map_res=30,\n",
    "    udeg=2,\n",
    "    u=u_wl,\n",
    "    verbose=True,\n",
    ")"
   ]
  },
  {
   "cell_type": "markdown",
   "id": "54abeb39",
   "metadata": {},
   "source": [
    "### Marginalize over model complexities and physical parameters\n",
    "We compare model configurations and selected physical assumptions, then marginalize or select based on model evidence."
   ]
  },
  {
   "cell_type": "code",
   "execution_count": 20,
   "id": "401ce820",
   "metadata": {},
   "outputs": [
    {
     "data": {
      "application/vnd.jupyter.widget-view+json": {
       "model_id": "b0c8ed54d9af45539b12d70ca90406aa",
       "version_major": 2,
       "version_minor": 0
      },
      "text/plain": [
       "RotMaps.marginalize:   0%|          | 0/1795 [00:00<?, ?it/s]"
      ]
     },
     "metadata": {},
     "output_type": "display_data"
    },
    {
     "data": {
      "text/plain": [
       "(array([[4.08726234e-01, 4.35513858e-01, 4.81051129e-01, ...,\n",
       "         8.44048433e-01, 7.83237854e-01, 8.68709414e-01],\n",
       "        [2.64520449e-01, 2.70175007e-01, 2.65431744e-01, ...,\n",
       "         1.30658429e-01, 1.69435668e-01, 1.10849589e-01],\n",
       "        [1.93882499e-01, 1.86022819e-01, 1.66476137e-01, ...,\n",
       "         2.24411403e-02, 4.04042926e-02, 1.80719586e-02],\n",
       "        [8.55329966e-02, 7.20936989e-02, 6.08928885e-02, ...,\n",
       "         2.47107046e-03, 5.83793620e-03, 2.02961629e-03],\n",
       "        [4.73378208e-02, 3.61946171e-02, 2.61481017e-02, ...,\n",
       "         3.80927408e-04, 1.08424913e-03, 3.39421507e-04]]),\n",
       " array([[3.70897615e-15, 3.70897615e-15, 3.70897615e-15, ...,\n",
       "         3.70372004e-15, 3.70298990e-15, 3.70253163e-15],\n",
       "        [4.02297963e-15, 4.02297963e-15, 4.02297963e-15, ...,\n",
       "         4.01817641e-15, 4.01777285e-15, 4.01764993e-15],\n",
       "        [4.85201083e-15, 4.85201083e-15, 4.85201083e-15, ...,\n",
       "         4.84495217e-15, 4.84429138e-15, 4.84396145e-15],\n",
       "        ...,\n",
       "        [8.88146816e-16, 8.88146816e-16, 8.88146816e-16, ...,\n",
       "         8.87742413e-16, 8.87625536e-16, 8.87516038e-16],\n",
       "        [8.79065878e-16, 8.79065878e-16, 8.79065878e-16, ...,\n",
       "         8.78732142e-16, 8.78502785e-16, 8.78294228e-16],\n",
       "        [8.01729748e-16, 8.01729748e-16, 8.01729748e-16, ...,\n",
       "         8.01525233e-16, 8.01329704e-16, 8.01143745e-16]]),\n",
       " array([[[ 7.31520699e-32,  7.31520699e-32,  7.31520699e-32, ...,\n",
       "           2.13666866e-33,  1.70029730e-33,  1.35693149e-33],\n",
       "         [ 7.31520699e-32,  7.31520699e-32,  7.31520699e-32, ...,\n",
       "           2.13666866e-33,  1.70029730e-33,  1.35693149e-33],\n",
       "         [ 7.31520699e-32,  7.31520699e-32,  7.31520699e-32, ...,\n",
       "           2.13666866e-33,  1.70029730e-33,  1.35693149e-33],\n",
       "         ...,\n",
       "         [ 2.13666866e-33,  2.13666866e-33,  2.13666866e-33, ...,\n",
       "           1.41457421e-31,  1.41350721e-31,  1.40916249e-31],\n",
       "         [ 1.70029730e-33,  1.70029730e-33,  1.70029730e-33, ...,\n",
       "           1.41350721e-31,  1.41558657e-31,  1.41423890e-31],\n",
       "         [ 1.35693149e-33,  1.35693149e-33,  1.35693149e-33, ...,\n",
       "           1.40916249e-31,  1.41423890e-31,  1.41591215e-31]],\n",
       " \n",
       "        [[ 7.22724782e-32,  7.22724782e-32,  7.22724782e-32, ...,\n",
       "          -6.02713522e-33, -6.22136376e-33, -6.45885552e-33],\n",
       "         [ 7.22724782e-32,  7.22724782e-32,  7.22724782e-32, ...,\n",
       "          -6.02713522e-33, -6.22136376e-33, -6.45885552e-33],\n",
       "         [ 7.22724782e-32,  7.22724782e-32,  7.22724782e-32, ...,\n",
       "          -6.02713522e-33, -6.22136376e-33, -6.45885552e-33],\n",
       "         ...,\n",
       "         [-6.02713522e-33, -6.02713522e-33, -6.02713522e-33, ...,\n",
       "           1.19143413e-31,  1.19253033e-31,  1.19139208e-31],\n",
       "         [-6.22136376e-33, -6.22136376e-33, -6.22136376e-33, ...,\n",
       "           1.19253033e-31,  1.19651121e-31,  1.19805954e-31],\n",
       "         [-6.45885552e-33, -6.45885552e-33, -6.45885552e-33, ...,\n",
       "           1.19139208e-31,  1.19805954e-31,  1.20227152e-31]],\n",
       " \n",
       "        [[ 5.67585550e-32,  5.67585550e-32,  5.67585550e-32, ...,\n",
       "          -2.39864383e-33, -2.63161423e-33, -2.82903730e-33],\n",
       "         [ 5.67585550e-32,  5.67585550e-32,  5.67585550e-32, ...,\n",
       "          -2.39864383e-33, -2.63161423e-33, -2.82903730e-33],\n",
       "         [ 5.67585550e-32,  5.67585550e-32,  5.67585550e-32, ...,\n",
       "          -2.39864383e-33, -2.63161423e-33, -2.82903730e-33],\n",
       "         ...,\n",
       "         [-2.39864383e-33, -2.39864383e-33, -2.39864383e-33, ...,\n",
       "           9.11319177e-32,  9.13395021e-32,  9.13163171e-32],\n",
       "         [-2.63161423e-33, -2.63161423e-33, -2.63161423e-33, ...,\n",
       "           9.13395021e-32,  9.17754518e-32,  9.19681111e-32],\n",
       "         [-2.82903730e-33, -2.82903730e-33, -2.82903730e-33, ...,\n",
       "           9.13163171e-32,  9.19681111e-32,  9.23790008e-32]],\n",
       " \n",
       "        ...,\n",
       " \n",
       "        [[ 4.49068047e-34,  4.49068047e-34,  4.49068047e-34, ...,\n",
       "           2.16471193e-35,  2.13711248e-35,  2.14267397e-35],\n",
       "         [ 4.49068047e-34,  4.49068047e-34,  4.49068047e-34, ...,\n",
       "           2.16471193e-35,  2.13711248e-35,  2.14267397e-35],\n",
       "         [ 4.49068047e-34,  4.49068047e-34,  4.49068047e-34, ...,\n",
       "           2.16471193e-35,  2.13711248e-35,  2.14267397e-35],\n",
       "         ...,\n",
       "         [ 2.16471193e-35,  2.16471193e-35,  2.16471193e-35, ...,\n",
       "           7.67201721e-34,  7.66917040e-34,  7.64428980e-34],\n",
       "         [ 2.13711248e-35,  2.13711248e-35,  2.13711248e-35, ...,\n",
       "           7.66917040e-34,  7.68670163e-34,  7.68079427e-34],\n",
       "         [ 2.14267397e-35,  2.14267397e-35,  2.14267397e-35, ...,\n",
       "           7.64428980e-34,  7.68079427e-34,  7.69374031e-34]],\n",
       " \n",
       "        [[ 5.66402715e-34,  5.66402715e-34,  5.66402715e-34, ...,\n",
       "           2.36011885e-35,  2.30840592e-35,  2.31138162e-35],\n",
       "         [ 5.66402715e-34,  5.66402715e-34,  5.66402715e-34, ...,\n",
       "           2.36011885e-35,  2.30840592e-35,  2.31138162e-35],\n",
       "         [ 5.66402715e-34,  5.66402715e-34,  5.66402715e-34, ...,\n",
       "           2.36011885e-35,  2.30840592e-35,  2.31138162e-35],\n",
       "         ...,\n",
       "         [ 2.36011885e-35,  2.36011885e-35,  2.36011885e-35, ...,\n",
       "           9.98400045e-34,  9.98083517e-34,  9.94957598e-34],\n",
       "         [ 2.30840592e-35,  2.30840592e-35,  2.30840592e-35, ...,\n",
       "           9.98083517e-34,  1.00036333e-33,  9.99635825e-34],\n",
       "         [ 2.31138162e-35,  2.31138162e-35,  2.31138162e-35, ...,\n",
       "           9.94957598e-34,  9.99635825e-34,  1.00127933e-33]],\n",
       " \n",
       "        [[ 3.45521306e-34,  3.45521306e-34,  3.45521306e-34, ...,\n",
       "           1.77537621e-35,  1.75884816e-35,  1.76407260e-35],\n",
       "         [ 3.45521306e-34,  3.45521306e-34,  3.45521306e-34, ...,\n",
       "           1.77537621e-35,  1.75884816e-35,  1.76407260e-35],\n",
       "         [ 3.45521306e-34,  3.45521306e-34,  3.45521306e-34, ...,\n",
       "           1.77537621e-35,  1.75884816e-35,  1.76407260e-35],\n",
       "         ...,\n",
       "         [ 1.77537621e-35,  1.77537621e-35,  1.77537621e-35, ...,\n",
       "           5.76410118e-34,  5.76150640e-34,  5.74228809e-34],\n",
       "         [ 1.75884816e-35,  1.75884816e-35,  1.75884816e-35, ...,\n",
       "           5.76150640e-34,  5.77438805e-34,  5.76964962e-34],\n",
       "         [ 1.76407260e-35,  1.76407260e-35,  1.76407260e-35, ...,\n",
       "           5.74228809e-34,  5.76964962e-34,  5.77934640e-34]]]))"
      ]
     },
     "execution_count": 20,
     "metadata": {},
     "output_type": "execute_result"
    }
   ],
   "source": [
    "# Marginalize over spherical harmonic degree with wavelength-dependent limb darkening\n",
    "maps.marginalize(data, ydeg=np.arange(4, 9, 1), inc=[80], prot=None)"
   ]
  },
  {
   "cell_type": "markdown",
   "id": "09b178c8",
   "metadata": {},
   "source": [
    "## 3. Spatially-resolved spectra\n",
    "The spatially-resolved spectra are accessible through the `Maps` object. They are converted to flux units and can be compared directly to the time-series spectra."
   ]
  },
  {
   "cell_type": "code",
   "execution_count": 21,
   "id": "6755b588",
   "metadata": {},
   "outputs": [],
   "source": [
    "spatial_spectra = maps.spatial_spectra\n",
    "spatial_spectra_cov = maps.spatial_spectra_cov\n",
    "spatial_spectra_var = np.diagonal(spatial_spectra_cov, axis1=1, axis2=2)"
   ]
  },
  {
   "cell_type": "code",
   "execution_count": 22,
   "id": "4dae602b",
   "metadata": {},
   "outputs": [
    {
     "data": {
      "text/plain": [
       "<matplotlib.collections.PolyCollection at 0x3d5c938b0>"
      ]
     },
     "execution_count": 22,
     "metadata": {},
     "output_type": "execute_result"
    },
    {
     "data": {
